sample	control_rep1	control_rep2	control_rep3	treatment_rep1	treatment_rep2	treatment_rep3
control_rep1	0	3.98873660584616	4.39512759082525	6.62469012758596	6.52117031228906	6.68053515473357
control_rep2	3.98873660584616	0	4.39693371384269	6.6039963817062	6.69246375299627	6.92137918886359
control_rep3	4.39512759082525	4.39693371384269	0	6.63536189947465	6.71825623687321	6.85191338266958
treatment_rep1	6.62469012758596	6.6039963817062	6.63536189947465	0	4.56698477841009	4.70207825986769
treatment_rep2	6.52117031228906	6.69246375299627	6.71825623687321	4.56698477841009	0	4.45765292490622
treatment_rep3	6.68053515473357	6.92137918886359	6.85191338266958	4.70207825986769	4.45765292490622	0
